Exported variables from results directory:  ./pmos.raw/

date               :  11:11:51 AM, Wed Sep 25, 2024
design             :  (no title)
simulator          :  spectre
version            :  19.1.0.455.isr11


Measurement Name   :  dcrun1
Analysis Type      :  dc
i0.5                  =  -3.99225e-05 
i1                    =  -7.98031e-05 
i1.5                  =  -0.000122632 
i10                   =  -0.000861106 
i10.5                 =  -0.000903894 
i11                   =  -0.000946681 
i11.5                 =  -0.000989469 
i12                   =  -0.00103226 
i12.5                 =  -0.00107504 
i13                   =  -0.00111783 
i13.5                 =  -0.00116062 
i14                   =  -0.00120341 
i14.5                 =  -0.00124619 
i15                   =  -0.00128898 
i15.5                 =  -0.00133177 
i16                   =  -0.00137456 
i16.5                 =  -0.00141734 
i17                   =  -0.00146013 
i17.5                 =  -0.00150292 
i18                   =  -0.00154571 
i18.5                 =  -0.00158849 
i19                   =  -0.00163128 
i19.5                 =  -0.00167407 
i2                    =  -0.00016362 
i2.5                  =  -0.00020502 
i20                   =  -0.00171686 
i3                    =  -0.000245956 
i3.5                  =  -0.000290681 
i4                    =  -0.000335337 
i4.5                  =  -0.000379956 
i5                    =  -0.000424554 
i5.5                  =  -0.000469746 
i6                    =  -0.000514762 
i6.5                  =  -0.000559633 
i7                    =  -0.000604382 
i7.5                  =  -0.000647169 
i8                    =  -0.000689956 
i8.5                  =  -0.000732744 
i9                    =  -0.000775531 
i9.5                  =  -0.000818319 


